-3.030000000000000000e+02
-1.220000000000000000e+02
-3.040000000000000000e+02
-1.430000000000000000e+02
-3.060000000000000000e+02
-1.640000000000000000e+02
-3.120000000000000000e+02
-1.850000000000000000e+02
-3.220000000000000000e+02
-2.030000000000000000e+02
-3.340000000000000000e+02
-2.200000000000000000e+02
-3.470000000000000000e+02
-2.350000000000000000e+02
-3.630000000000000000e+02
-2.450000000000000000e+02
-3.820000000000000000e+02
-2.480000000000000000e+02
-4.000000000000000000e+02
-2.420000000000000000e+02
-4.130000000000000000e+02
-2.280000000000000000e+02
-4.240000000000000000e+02
-2.110000000000000000e+02
-4.330000000000000000e+02
-1.920000000000000000e+02
-4.390000000000000000e+02
-1.730000000000000000e+02
-4.420000000000000000e+02
-1.540000000000000000e+02
-4.430000000000000000e+02
-1.350000000000000000e+02
-4.430000000000000000e+02
-1.160000000000000000e+02
-3.180000000000000000e+02
-1.000000000000000000e+02
-3.270000000000000000e+02
-8.900000000000000000e+01
-3.410000000000000000e+02
-8.400000000000000000e+01
-3.560000000000000000e+02
-8.400000000000000000e+01
-3.700000000000000000e+02
-8.900000000000000000e+01
-3.910000000000000000e+02
-8.900000000000000000e+01
-4.030000000000000000e+02
-8.400000000000000000e+01
-4.170000000000000000e+02
-8.200000000000000000e+01
-4.300000000000000000e+02
-8.700000000000000000e+01
-4.370000000000000000e+02
-9.700000000000000000e+01
-3.820000000000000000e+02
-1.040000000000000000e+02
-3.830000000000000000e+02
-1.180000000000000000e+02
-3.830000000000000000e+02
-1.300000000000000000e+02
-3.840000000000000000e+02
-1.440000000000000000e+02
-3.670000000000000000e+02
-1.530000000000000000e+02
-3.750000000000000000e+02
-1.560000000000000000e+02
-3.830000000000000000e+02
-1.590000000000000000e+02
-3.910000000000000000e+02
-1.560000000000000000e+02
-3.980000000000000000e+02
-1.530000000000000000e+02
-3.340000000000000000e+02
-1.090000000000000000e+02
-3.420000000000000000e+02
-1.030000000000000000e+02
-3.520000000000000000e+02
-1.020000000000000000e+02
-3.610000000000000000e+02
-1.090000000000000000e+02
-3.520000000000000000e+02
-1.110000000000000000e+02
-3.420000000000000000e+02
-1.120000000000000000e+02
-3.980000000000000000e+02
-1.080000000000000000e+02
-4.070000000000000000e+02
-1.020000000000000000e+02
-4.160000000000000000e+02
-1.020000000000000000e+02
-4.240000000000000000e+02
-1.080000000000000000e+02
-4.170000000000000000e+02
-1.100000000000000000e+02
-4.070000000000000000e+02
-1.100000000000000000e+02
-3.520000000000000000e+02
-1.830000000000000000e+02
-3.610000000000000000e+02
-1.730000000000000000e+02
-3.740000000000000000e+02
-1.690000000000000000e+02
-3.830000000000000000e+02
-1.710000000000000000e+02
-3.910000000000000000e+02
-1.690000000000000000e+02
-4.020000000000000000e+02
-1.720000000000000000e+02
-4.090000000000000000e+02
-1.830000000000000000e+02
-4.030000000000000000e+02
-2.020000000000000000e+02
-3.920000000000000000e+02
-2.100000000000000000e+02
-3.830000000000000000e+02
-2.120000000000000000e+02
-3.730000000000000000e+02
-2.100000000000000000e+02
-3.600000000000000000e+02
-2.020000000000000000e+02
-3.570000000000000000e+02
-1.830000000000000000e+02
-3.740000000000000000e+02
-1.760000000000000000e+02
-3.830000000000000000e+02
-1.760000000000000000e+02
-3.910000000000000000e+02
-1.760000000000000000e+02
-4.040000000000000000e+02
-1.830000000000000000e+02
-3.920000000000000000e+02
-1.980000000000000000e+02
-3.830000000000000000e+02
-2.000000000000000000e+02
-3.730000000000000000e+02
-1.980000000000000000e+02
