-3.760000000000000000e+02
-1.180000000000000000e+02
-3.790000000000000000e+02
-1.370000000000000000e+02
-3.820000000000000000e+02
-1.550000000000000000e+02
-3.860000000000000000e+02
-1.730000000000000000e+02
-3.960000000000000000e+02
-1.880000000000000000e+02
-4.100000000000000000e+02
-2.010000000000000000e+02
-4.260000000000000000e+02
-2.110000000000000000e+02
-4.440000000000000000e+02
-2.170000000000000000e+02
-4.610000000000000000e+02
-2.160000000000000000e+02
-4.760000000000000000e+02
-2.120000000000000000e+02
-4.880000000000000000e+02
-2.030000000000000000e+02
-4.990000000000000000e+02
-1.910000000000000000e+02
-5.070000000000000000e+02
-1.760000000000000000e+02
-5.110000000000000000e+02
-1.600000000000000000e+02
-5.120000000000000000e+02
-1.430000000000000000e+02
-5.120000000000000000e+02
-1.270000000000000000e+02
-5.120000000000000000e+02
-1.100000000000000000e+02
-3.950000000000000000e+02
-1.020000000000000000e+02
-4.050000000000000000e+02
-9.400000000000000000e+01
-4.180000000000000000e+02
-9.000000000000000000e+01
-4.320000000000000000e+02
-9.100000000000000000e+01
-4.450000000000000000e+02
-9.500000000000000000e+01
-4.620000000000000000e+02
-9.400000000000000000e+01
-4.720000000000000000e+02
-9.000000000000000000e+01
-4.830000000000000000e+02
-8.700000000000000000e+01
-4.950000000000000000e+02
-8.900000000000000000e+01
-5.030000000000000000e+02
-9.500000000000000000e+01
-4.550000000000000000e+02
-1.080000000000000000e+02
-4.560000000000000000e+02
-1.200000000000000000e+02
-4.580000000000000000e+02
-1.320000000000000000e+02
-4.590000000000000000e+02
-1.440000000000000000e+02
-4.430000000000000000e+02
-1.530000000000000000e+02
-4.510000000000000000e+02
-1.550000000000000000e+02
-4.590000000000000000e+02
-1.570000000000000000e+02
-4.660000000000000000e+02
-1.540000000000000000e+02
-4.730000000000000000e+02
-1.510000000000000000e+02
-4.100000000000000000e+02
-1.130000000000000000e+02
-4.180000000000000000e+02
-1.080000000000000000e+02
-4.270000000000000000e+02
-1.080000000000000000e+02
-4.350000000000000000e+02
-1.120000000000000000e+02
-4.270000000000000000e+02
-1.140000000000000000e+02
-4.180000000000000000e+02
-1.150000000000000000e+02
-4.700000000000000000e+02
-1.100000000000000000e+02
-4.770000000000000000e+02
-1.050000000000000000e+02
-4.860000000000000000e+02
-1.050000000000000000e+02
-4.930000000000000000e+02
-1.080000000000000000e+02
-4.860000000000000000e+02
-1.110000000000000000e+02
-4.780000000000000000e+02
-1.110000000000000000e+02
-4.300000000000000000e+02
-1.780000000000000000e+02
-4.420000000000000000e+02
-1.730000000000000000e+02
-4.530000000000000000e+02
-1.700000000000000000e+02
-4.590000000000000000e+02
-1.710000000000000000e+02
-4.660000000000000000e+02
-1.690000000000000000e+02
-4.750000000000000000e+02
-1.700000000000000000e+02
-4.830000000000000000e+02
-1.730000000000000000e+02
-4.760000000000000000e+02
-1.800000000000000000e+02
-4.680000000000000000e+02
-1.840000000000000000e+02
-4.610000000000000000e+02
-1.850000000000000000e+02
-4.540000000000000000e+02
-1.850000000000000000e+02
-4.430000000000000000e+02
-1.830000000000000000e+02
-4.350000000000000000e+02
-1.780000000000000000e+02
-4.530000000000000000e+02
-1.760000000000000000e+02
-4.600000000000000000e+02
-1.750000000000000000e+02
-4.660000000000000000e+02
-1.740000000000000000e+02
-4.790000000000000000e+02
-1.740000000000000000e+02
-4.670000000000000000e+02
-1.760000000000000000e+02
-4.600000000000000000e+02
-1.770000000000000000e+02
-4.540000000000000000e+02
-1.780000000000000000e+02
