-4.350000000000000000e+02
-1.440000000000000000e+02
-4.350000000000000000e+02
-1.610000000000000000e+02
-4.370000000000000000e+02
-1.780000000000000000e+02
-4.390000000000000000e+02
-1.960000000000000000e+02
-4.460000000000000000e+02
-2.130000000000000000e+02
-4.560000000000000000e+02
-2.280000000000000000e+02
-4.690000000000000000e+02
-2.390000000000000000e+02
-4.850000000000000000e+02
-2.480000000000000000e+02
-5.030000000000000000e+02
-2.500000000000000000e+02
-5.220000000000000000e+02
-2.470000000000000000e+02
-5.400000000000000000e+02
-2.370000000000000000e+02
-5.570000000000000000e+02
-2.250000000000000000e+02
-5.700000000000000000e+02
-2.100000000000000000e+02
-5.780000000000000000e+02
-1.920000000000000000e+02
-5.820000000000000000e+02
-1.730000000000000000e+02
-5.830000000000000000e+02
-1.550000000000000000e+02
-5.830000000000000000e+02
-1.370000000000000000e+02
-4.450000000000000000e+02
-1.200000000000000000e+02
-4.520000000000000000e+02
-1.090000000000000000e+02
-4.630000000000000000e+02
-1.040000000000000000e+02
-4.760000000000000000e+02
-1.030000000000000000e+02
-4.880000000000000000e+02
-1.070000000000000000e+02
-5.130000000000000000e+02
-1.060000000000000000e+02
-5.250000000000000000e+02
-9.900000000000000000e+01
-5.390000000000000000e+02
-9.800000000000000000e+01
-5.530000000000000000e+02
-1.030000000000000000e+02
-5.620000000000000000e+02
-1.130000000000000000e+02
-5.000000000000000000e+02
-1.230000000000000000e+02
-4.990000000000000000e+02
-1.330000000000000000e+02
-4.990000000000000000e+02
-1.420000000000000000e+02
-4.980000000000000000e+02
-1.530000000000000000e+02
-4.850000000000000000e+02
-1.660000000000000000e+02
-4.920000000000000000e+02
-1.680000000000000000e+02
-5.000000000000000000e+02
-1.700000000000000000e+02
-5.080000000000000000e+02
-1.680000000000000000e+02
-5.160000000000000000e+02
-1.650000000000000000e+02
-4.580000000000000000e+02
-1.340000000000000000e+02
-4.660000000000000000e+02
-1.290000000000000000e+02
-4.740000000000000000e+02
-1.280000000000000000e+02
-4.830000000000000000e+02
-1.310000000000000000e+02
-4.750000000000000000e+02
-1.330000000000000000e+02
-4.660000000000000000e+02
-1.340000000000000000e+02
-5.220000000000000000e+02
-1.280000000000000000e+02
-5.300000000000000000e+02
-1.240000000000000000e+02
-5.390000000000000000e+02
-1.250000000000000000e+02
-5.470000000000000000e+02
-1.280000000000000000e+02
-5.390000000000000000e+02
-1.300000000000000000e+02
-5.300000000000000000e+02
-1.300000000000000000e+02
-4.700000000000000000e+02
-1.930000000000000000e+02
-4.800000000000000000e+02
-1.860000000000000000e+02
-4.920000000000000000e+02
-1.830000000000000000e+02
-5.000000000000000000e+02
-1.840000000000000000e+02
-5.080000000000000000e+02
-1.830000000000000000e+02
-5.220000000000000000e+02
-1.850000000000000000e+02
-5.360000000000000000e+02
-1.910000000000000000e+02
-5.240000000000000000e+02
-2.040000000000000000e+02
-5.100000000000000000e+02
-2.100000000000000000e+02
-5.010000000000000000e+02
-2.110000000000000000e+02
-4.920000000000000000e+02
-2.110000000000000000e+02
-4.800000000000000000e+02
-2.060000000000000000e+02
-4.740000000000000000e+02
-1.930000000000000000e+02
-4.930000000000000000e+02
-1.880000000000000000e+02
-5.010000000000000000e+02
-1.890000000000000000e+02
-5.090000000000000000e+02
-1.880000000000000000e+02
-5.310000000000000000e+02
-1.910000000000000000e+02
-5.090000000000000000e+02
-2.020000000000000000e+02
-5.010000000000000000e+02
-2.030000000000000000e+02
-4.930000000000000000e+02
-2.030000000000000000e+02
